0.001	-1.2489072283849692e-07
0.002	-4.991265596281229e-07
0.003	-1.122054763765455e-06
0.004	-1.993024909417432e-06
0.005	-3.111388883668589e-06
0.006	-4.4765008751653655e-06
0.007	-6.087717363743056e-06
0.008	-7.944397109584706e-06
0.009000000000000001	-1.004590114340711e-05
0.010000000000000002	-1.2391592756936397e-05
0.011	-1.4980837492231124e-05
0.012	-1.781300312902968e-05
0.013000000000000001	-2.0887459680811985e-05
0.014000000000000002	-2.4203579377272075e-05
0.015	-2.7760736660403415e-05
0.016	-3.1558308171919554e-05
0.017	-3.559567274327951e-05
0.018000000000000002	-3.987221138584617e-05
0.019000000000000003	-4.43873072833136e-05
0.02	-4.9140345778764834e-05
0.021	-5.413071436791438e-05
0.022000000000000002	-5.9357802687568324e-05
0.023	-6.48210025062245e-05
0.024	-7.051970771715736e-05
0.025	-7.645331432511731e-05
0.026000000000000002	-8.262122043865304e-05
0.027000000000000003	-8.902282626305872e-05
0.028	-9.565753408685155e-05
0.029	-0.00010252474827596899
0.030000000000000002	-0.00010962387526268102
0.031	-0.00011695432353722336
0.032	-0.00012451550363970707
0.033	-0.00013230682814746394
0.034	-0.00014032771167087852
0.035	-0.00014857757084180834
0.036000000000000004	-0.0001570558243037248
0.037000000000000005	-0.00016576189270609663
0.038	-0.00017469519869167685
0.039	-0.00018385516689214314
0.04	-0.00019324122391451773
0.041	-0.00020285279833759124
0.042	-0.00021268932069774392
0.043000000000000003	-0.00022275022348714366
0.044000000000000004	-0.00023303494113741387
0.045	-0.00024354291001936
0.046	-0.00025427356842718267
0.047	-0.0002652263565746474
0.048	-0.00027640071658641705
0.049	-0.0002877960924868565
0.05	-0.00029941193019467
0.051000000000000004	-0.0003112476775147248
0.052000000000000005	-0.0003233027841269422
0.053000000000000005	-0.0003355767015819254
0.054	-0.000348068883289946
0.055	-0.0003607787845147483
0.056	-0.0003737058623651321
0.057	-0.00038684957578597216
0.058	-0.0004002093855515669
0.059000000000000004	-0.00041378475425693636
0.060000000000000005	-0.00042757514631134794
0.061	-0.0004415800279290958
0.062	-0.00045579886712112137
0.063	-0.0004702311336901843
0.064	-0.0004848762992206125
0.065	-0.0004997338370714719
0.066	-0.0005148032223686303
0.067	-0.0005300839319985683
0.068	-0.0005455754445989504
0.069	-0.000561277240553678
0.07	-0.0005771888019813354
0.07100000000000001	-0.000593309612732957
0.07200000000000001	-0.0006096391583800664
0.07300000000000001	-0.0006261769262114582
0.074	-0.0006429224052214862
0.075	-0.000659875086107534
0.076	-0.000677034461258142
0.077	-0.0006944000247505979
0.078	-0.0007119712723395864
0.079	-0.000729747701452385
0.08	-0.0007477288111818835
0.081	-0.0007659141022785844
0.082	-0.0007843030771434212
0.083	-0.0008028952398230515
0.084	-0.0008216900959996706
0.085	-0.0008406871529874382
0.08600000000000001	-0.0008598859197221178
0.08700000000000001	-0.0008792859067579383
0.08800000000000001	-0.0008988866262577949
0.089	-0.0009186875919888685
0.09	-0.0009386883193135527
0.091	-0.0009588883251854906
0.092	-0.0009792871281402932
0.093	-0.0009998842482909901
0.094	-0.0010206792073203922
0.095	-0.0010416715284744295
0.096	-0.001062860736556793
0.097	-0.001084246357921047
0.098	-0.001105827920464892
0.099	-0.001127604953624465
0.1	-0.0011495769883659458
0.101	-0.0011717435571823715
0.10200000000000001	-0.0011941041940829583
0.10300000000000001	-0.0012166584345916962
0.10400000000000001	-0.0012394058157373703
0.10500000000000001	-0.0012623458760495539
0.106	-0.0012854781555508676
0.107	-0.0013088021957519407
0.108	-0.001332317539644816
0.109	-0.0013560237316973922
0.11	-0.0013799203178462538
0.111	-0.001404006845491724
0.112	-0.0014282828634911795
0.113	-0.0014527479221541882
0.114	-0.0014774015732344592
0.115	-0.0015022433699270281
0.116	-0.001527272866857864
0.117	-0.001552489620084045
0.11800000000000001	-0.0015778931870823894
0.11900000000000001	-0.001603483126746247
0.12000000000000001	-0.001629258999379836
0.121	-0.0016552203666927415
0.122	-0.0016813667917918987
0.123	-0.0017076978391782633
0.124	-0.0017342130747410173
0.125	-0.001760912065751306
0.126	-0.0017877943808563674
0.127	-0.0018148595900736126
0.128	-0.0018421072647876917
0.129	-0.0018695369777411805
0.13	-0.0018971483030323308
0.131	-0.0019249408161071044
0.132	-0.0019529140937563417
0.133	-0.0019810677141082964
0.134	-0.0020094012566235155
0.135	-0.0020379143020894603
0.136	-0.0020666064326179106
0.137	-0.00209547723163486
0.138	-0.002124526283878775
0.139	-0.002153753175393828
0.14	-0.002183157493526447
0.14100000000000001	-0.002212738826917716
0.14200000000000002	-0.002242496765498537
0.14300000000000002	-0.002272430900487428
0.14400000000000002	-0.002302540824380979
0.14500000000000002	-0.002332826130952785
0.146	-0.0023632864152458104
0.147	-0.0023939212735681155
0.148	-0.0024247303034874695
0.149	-0.0024557131038283166
0.15	-0.0024868692746629643
0.151	-0.002518198417310181
0.152	-0.002549700134329368
0.153	-0.0025813740295143753
0.154	-0.002613219707889811
0.155	-0.002645236775705921
0.156	-0.0026774248404334254
0.157	-0.002709783510759281
0.158	-0.0027423123965817295
0.159	-0.00277501110900447
0.16	-0.0028078792603348397
0.161	-0.0028409164640751223
0.162	-0.002874122334920603
0.163	-0.0029074964887546347
0.164	-0.002941038542642084
0.165	-0.002974748114827613
0.166	-0.0030086248247290083
0.167	-0.0030426682929328317
0.168	-0.003076878141190609
0.169	-0.003111253992412971
0.17	-0.003145795470667694
0.171	-0.003180502201171911
0.17200000000000001	-0.003215373810290474
0.17300000000000001	-0.0032504099255283915
0.17400000000000002	-0.0032856101755312688
0.17500000000000002	-0.0033209741900741044
0.17600000000000002	-0.0033565016000649496
0.177	-0.0033921920375319086
0.178	-0.0034280451356268875
0.179	-0.003464060528614886
0.18	-0.0035002378518739405
0.181	-0.00353657674188852
0.182	-0.0035730768362457533
0.183	-0.0036097377736315764
0.184	-0.003646559193826673
0.185	-0.0036835407377015295
0.186	-0.003720682047212816
0.187	-0.003757982765398752
0.188	-0.003795442536374695
0.189	-0.003833061005330834
0.19	-0.0038708378185257526
0.191	-0.003908772623283338
0.192	-0.003946865067989205
0.193	-0.003985114802085466
0.194	-0.004023521476068633
0.195	-0.0040620847414829485
0.196	-0.004100804250917797
0.197	-0.004139679658004729
0.198	-0.004178710617411715
0.199	-0.004217896784839697
0.2	-0.004257237817020206
0.201	-0.0042967333717088396
0.202	-0.004336383107682772
0.203	-0.00437618668473719
0.20400000000000001	-0.0044161437636813915
0.20500000000000002	-0.004456254006333719
0.20600000000000002	-0.004496517075519441
0.20700000000000002	-0.004536932635064596
0.20800000000000002	-0.004577500349796931
0.20900000000000002	-0.0046182198855346124
0.21	-0.004659090909090953
0.211	-0.004700113088263421
0.212	-0.004741286091834667
0.213	-0.0047826095895671565
0.214	-0.004824083252198986
0.215	-0.004865706751439533
0.216	-0.004907479759970366
0.217	-0.004949401951434849
0.218	-0.004991473000440464
0.219	-0.005033692582550936
0.22	-0.005076060374285355
0.221	-0.005118576053113131
0.222	-0.005161239297451932
0.223	-0.005204049786661397
0.224	-0.005247007201043587
0.225	-0.0052901112218358
0.226	-0.0053333615312092875
0.227	-0.005376757812264384
0.228	-0.005420299749029072
0.229	-0.005463987026452448
0.23	-0.0055078193304049505
0.231	-0.005551796347671509
0.232	-0.005595917765950754
0.233	-0.0056401832738499575
0.234	-0.005684592560883324
0.23500000000000001	-0.0057291453174662015
0.23600000000000002	-0.00577384123491412
0.23700000000000002	-0.005818680005438618
0.23800000000000002	-0.005863661322143794
0.23900000000000002	-0.005908784879021837
0.24000000000000002	-0.0059540503709537024
0.241	-0.005999457493700098
0.242	-0.006045005943903716
0.243	-0.006090695419082455
0.244	-0.006136525617626906
0.245	-0.006182496238799531
0.246	-0.006228606982727048
0.247	-0.006274857550400952
0.248	-0.006321247643673512
0.249	-0.0063677769652534305
0.25	-0.0064144452187054205
0.251	-0.006461252108442313
0.252	-0.006508197339726153
0.253	-0.0065552806186642415
0.254	-0.006602501652206443
0.255	-0.0066498601481395575
0.256	-0.006697355815086137
0.257	-0.006744988362502135
0.258	-0.006792757500673573
0.259	-0.006840662940712527
0.26	-0.006888704394553144
0.261	-0.006936881574952768
0.262	-0.006985194195484727
0.263	-0.007033641970537789
0.264	-0.00708222461531159
0.265	-0.007130941845815185
0.266	-0.007179793378863901
0.267	-0.0072287789320758635
0.268	-0.00727789822386801
0.269	-0.007327150973456478
0.27	-0.007376536900850806
0.271	-0.007426055726851758
0.272	-0.0074757071730492015
0.273	-0.007525490961818324
0.274	-0.007575406816318487
0.275	-0.0076254544604884315
0.276	-0.007675633619044116
0.277	-0.0077259440174760234
0.278	-0.007776385382047791
0.279	-0.00782695743979104
0.28	-0.007877659918503727
0.281	-0.007928492546747785
0.28200000000000003	-0.007979455053846797
0.28300000000000003	-0.008030547169881554
0.28400000000000003	-0.008081768625688011
0.28500000000000003	-0.008133119152855956
0.28600000000000003	-0.00818459848372558
0.28700000000000003	-0.008236206351383567
0.28800000000000003	-0.008287942489661705
0.28900000000000003	-0.008339806633134286
0.29	-0.008391798517115693
0.291	-0.008443917877656321
0.292	-0.008496164451540776
0.293	-0.008548537976286961
0.294	-0.008601038190139878
0.295	-0.008653664832073157
0.296	-0.00870641764178295
0.297	-0.008759296359688506
0.298	-0.008812300726926464
0.299	-0.008865430485350302
0.3	-0.008918685377528275
0.301	-0.008972065146739193
0.302	-0.00902556953697077
0.303	-0.009079198292918153
0.304	-0.009132951159979481
0.305	-0.00918682788425467
0.306	-0.00924082821254268
0.307	-0.009294951892339367
0.308	-0.00934919867183369
0.309	-0.009403568299908524
0.31	-0.009458060526134035
0.311	-0.00951267510076837
0.312	-0.009567411774753383
0.313	-0.009622270299713761
0.314	-0.00967725042795457
0.315	-0.009732351912457231
0.316	-0.009787574506877955
0.317	-0.009842917965547421
0.318	-0.009898382043464979
0.319	-0.009953966496299338
0.32	-0.010009671080383947
0.321	-0.01006549555271647
0.322	-0.010121439670956255
0.323	-0.010177503193419346
0.324	-0.010233685879080542
0.325	-0.010289987487568751
0.326	-0.010346407779163985
0.327	-0.010402946514797428
0.328	-0.01045960345604664
0.329	-0.010516378365135052
0.33	-0.010573271004929819
0.331	-0.010630281138938796
0.332	-0.010687408531307526
0.333	-0.010744652946820653
0.334	-0.010802014150893997
0.335	-0.010859491909578255
0.336	-0.010917085989553267
0.337	-0.010974796158126491
0.338	-0.011032622183231512
0.339	-0.011090563833426135
0.34	-0.011148620877887682
0.341	-0.011206793086415841
0.342	-0.011265080229424662
0.343	-0.011323482077945994
0.34400000000000003	-0.0113819984036229
0.34500000000000003	-0.0114406289787102
0.34600000000000003	-0.011499373576071427
0.34700000000000003	-0.01155823196917768
0.34800000000000003	-0.011617203932103333
0.34900000000000003	-0.0116762892395281
0.35000000000000003	-0.011735487666729202
0.35100000000000003	-0.011794798989585764
0.35200000000000004	-0.011854222984571483
0.353	-0.01191375942875491
0.354	-0.011973408099798298
0.355	-0.012033168775953666
0.356	-0.012093041236061846
0.357	-0.012153025259550544
0.358	-0.012213120626432337
0.359	-0.012273327117302751
0.36	-0.012333644513336921
0.361	-0.012394072596289274
0.362	-0.012454611148492955
0.363	-0.01251525995285253
0.364	-0.012576018792849513
0.365	-0.012636887452533888
0.366	-0.012697865716525284
0.367	-0.012758953370011516
0.368	-0.012820150198745292
0.369	-0.012881455989042136
0.37	-0.012942870527780648
0.371	-0.013004393602398185
0.372	-0.013066025000890196
0.373	-0.013127764511808113
0.374	-0.013189611924257931
0.375	-0.013251567027897855
0.376	-0.013313629612936247
0.377	-0.013375799470130543
0.378	-0.013438076390785215
0.379	-0.013500460166748883
0.38	-0.013562950590414822
0.381	-0.013625547454716664
0.382	-0.013688250553127775
0.383	-0.013751059679660387
0.384	-0.013813974628861237
0.385	-0.0138769951958132
0.386	-0.013940121176130455
0.387	-0.014003352365957959
0.388	-0.014066688561970657
0.389	-0.014130129561370261
0.39	-0.014193675161883766
0.391	-0.014257325161762932
0.392	-0.014321079359781427
0.393	-0.014384937555231453
0.394	-0.014448899547927108
0.395	-0.014512965138197524
0.396	-0.014577134126887839
0.397	-0.014641406315355822
0.398	-0.014705781505472346
0.399	-0.014770259499618906
0.4	-0.014834840100684418
0.401	-0.014899523112064507
0.402	-0.014964308337662172
0.403	-0.015029195581882294
0.404	-0.015094184649632098
0.405	-0.015159275346319613
0.406	-0.01522446747785111
0.40700000000000003	-0.01528976085063119
0.40800000000000003	-0.015355155271558176
0.40900000000000003	-0.015420650548025341
0.41000000000000003	-0.015486246487918506
0.41100000000000003	-0.015551942899613426
0.41200000000000003	-0.015617739591976805
0.41300000000000003	-0.015683636374360096
0.41400000000000003	-0.0157496330566025
0.41500000000000004	-0.015815729449027892
0.41600000000000004	-0.015881925362441842
0.41700000000000004	-0.01594822060813222
0.418	-0.01601461499786561
0.419	-0.01608110834388758
0.42	-0.016147700458920822
0.421	-0.01621439115616142
0.422	-0.01628118024928055
0.423	-0.016348067552420895
0.424	-0.01641505288019639
0.425	-0.016482136047688344
0.426	-0.016549316870446903
0.427	-0.016616595164488532
0.428	-0.016683970746292846
0.429	-0.016751443432803954
0.43	-0.016819013041426398
0.431	-0.016886679390026024
0.432	-0.016954442296926695
0.433	-0.017022301580908072
0.434	-0.01709025706120854
0.435	-0.017158308557517408
0.436	-0.017226455889979356
0.437	-0.017294698879189975
0.438	-0.01736303734619295
0.439	-0.01743147111248268
0.44	-0.017500000000000102
0.441	-0.017568623831130403
0.442	-0.01763734242870484
0.443	-0.017706155615995985
0.444	-0.01777506321671968
0.445	-0.017844065055030126
0.446	-0.017913160955520504
0.447	-0.017982350743222072
0.448	-0.01805163424360108
0.449	-0.018121011282558323
0.45	-0.018190481686428936
0.451	-0.01826004528197781
0.452	-0.018329701896401394
0.453	-0.018399451357325743
0.454	-0.018469293492803553
0.455	-0.018539228131314842
0.456	-0.01860925510176294
0.457	-0.0186793742334765
0.458	-0.018749585356206775
0.459	-0.01881988830012386
0.46	-0.018890282895820232
0.461	-0.018960768974304654
0.462	-0.019031346367003807
0.463	-0.019102014905761133
0.464	-0.019172774422832307
0.465	-0.019243624750887544
0.466	-0.019314565723010012
0.467	-0.019385597172691393
0.468	-0.019456718933833737
0.46900000000000003	-0.019527930840746537
0.47000000000000003	-0.0195992327281477
0.47100000000000003	-0.01967062443115877
0.47200000000000003	-0.0197421057853064
0.47300000000000003	-0.01981367662651944
0.47400000000000003	-0.019885336791130817
0.47500000000000003	-0.01995708611587076
0.47600000000000003	-0.020028924437871135
0.47700000000000004	-0.020100851594660605
0.47800000000000004	-0.020172867424165453
0.47900000000000004	-0.020244971764706594
0.48000000000000004	-0.02031716445500046
0.481	-0.020389445334155227
0.482	-0.020461814241672066
0.483	-0.02053427101744206
0.484	-0.020606815501747266
0.485	-0.020679447535256208
0.486	-0.020752166959024987
0.487	-0.02082497361449623
0.488	-0.02089786734349697
0.489	-0.020970847988237833
0.49	-0.021043915391311563
0.491	-0.021117069395692394
0.492	-0.021190309844733825
0.493	-0.0212636365821698
0.494	-0.021337049452110287
0.495	-0.02141054829904252
0.496	-0.02148413296782938
0.497	-0.021557803303707226
0.498	-0.021631559152286546
0.499	-0.021705400359548207
0.5	-0.021779326771845856
0.501	-0.02185333823590147
0.502	-0.021927434598805383
0.503	-0.022001615708016953
0.504	-0.022075881411359934
0.505	-0.022150231557024495
0.506	-0.02222466599356479
0.507	-0.022299184569897296
0.508	-0.02237378713530129
0.509	-0.022448473539416255
0.51	-0.022523243632241025
0.511	-0.022598097264134115
0.512	-0.022673034285810738
0.513	-0.02274805454834259
0.514	-0.022823157903156432
0.515	-0.022898344202034845
0.516	-0.022973613297112148
0.517	-0.023048965040874784
0.518	-0.023124399286160346
0.519	-0.023199915886158298
0.52	-0.023275514694403938
0.521	-0.023351195564783305
0.522	-0.02342695835152771
0.523	-0.023502802909214516
0.524	-0.02357872909276658
0.525	-0.02365473675744949
0.526	-0.023730825758872167
0.527	-0.023806995952985195
0.528	-0.02388324719608088
0.529	-0.02395957934478851
0.53	-0.02403599225607844
0.531	-0.02411248578725739
0.532	-0.024189059795970004
0.533	-0.024265714140194995
0.534	-0.024342448678246066
0.535	-0.02441926326877154
0.536	-0.02449615777075086
0.537	-0.024573132043497058
0.538	-0.024650185946651554
0.539	-0.024727319340186314
0.54	-0.02480453208440322
0.541	-0.024881824039930563
0.542	-0.02495919506772232
0.543	-0.025036645029060965
0.544	-0.025114173785552217
0.545	-0.025191781199124325
0.546	-0.025269467132031043
0.547	-0.025347231446845957
0.548	-0.025425074006465445
0.549	-0.02550299467410443
0.55	-0.025580993313296038
0.551	-0.025659069787894784
0.552	-0.025737223962068984
0.553	-0.025815455700305526
0.554	-0.02589376486740533
0.555	-0.0259721513284834
0.556	-0.026050614948969854
0.557	-0.02612915559460652
0.558	-0.026207773131445407
0.559	-0.026286467425851497
0.56	-0.026365238344498193
0.561	-0.026444085754368518
0.562	-0.026523009522752786
0.5630000000000001	-0.02660200951724837
0.5640000000000001	-0.026681085605760407
0.5650000000000001	-0.026760237656497113
0.5660000000000001	-0.026839465537971747
0.5670000000000001	-0.026918769119001675
0.5680000000000001	-0.0269981482687066
0.5690000000000001	-0.02707760285650867
0.5700000000000001	-0.02715713275212947
0.5710000000000001	-0.02723673782559024
0.5720000000000001	-0.027316417947213612
0.5730000000000001	-0.027396172987618855
0.5740000000000001	-0.027476002817722
0.5750000000000001	-0.027555907308737842
0.5760000000000001	-0.027635886332173835
0.5770000000000001	-0.0277159397598343
0.578	-0.027796067463817537
0.579	-0.027876269316513623
0.58	-0.02795654519060544
0.581	-0.028036894959067353
0.582	-0.028117318495164318
0.583	-0.028197815672451294
0.584	-0.028278386364770404
0.585	-0.028359030446253614
0.586	-0.02843974779131995
0.587	-0.02852053827467338
0.588	-0.028601401771304987
0.589	-0.02868233815648924
0.59	-0.02876334730578535
0.591	-0.02884442909503516
0.592	-0.028925583400362942
0.593	-0.02900681009817489
0.594	-0.029088109065156784
0.595	-0.02916948017827422
0.596	-0.029250923314773646
0.597	-0.029332438352176943
0.598	-0.029414025168285864
0.599	-0.02949568364117761
0.6	-0.029577413649204274
0.601	-0.029659215070995688
0.602	-0.02974108778545339
0.603	-0.029823031671753
0.604	-0.029905046609343844
0.605	-0.029987132477946057
0.606	-0.030069289157551287
0.607	-0.030151516528421747
0.608	-0.030233814471088118
0.609	-0.030316182866352362
0.61	-0.030398621595281686
0.611	-0.03048113053921186
0.612	-0.030563709579746242
0.613	-0.030646358598751526
0.614	-0.030729077478361816
0.615	-0.0308118661009733
0.616	-0.0308947243492471
0.617	-0.030977652106107822
0.618	-0.03106064925474017
0.619	-0.031143715678590686
0.62	-0.031226851261368208
0.621	-0.03131005588703849
0.622	-0.03139332943982841
0.623	-0.03147667180422291
0.624	-0.031560082864963326
0.625	-0.031643562507050554
0.626	-0.03172711061573843
0.627	-0.031810727076537634
0.628	-0.03189441177521442
0.629	-0.031978164597787524
0.63	-0.032061985430530605
0.631	-0.03214587415996767
0.632	-0.03222983067287672
0.633	-0.03231385485628655
0.634	-0.032397946597474914
0.635	-0.032482105783971024
0.636	-0.032566332303551986
0.637	-0.03265062604424429
0.638	-0.0327349868943213
0.639	-0.03281941474230337
0.64	-0.03290390947695751
0.641	-0.03298847098729627
0.642	-0.033073099162576676
0.643	-0.033157793892300925
0.644	-0.033242555066213375
0.645	-0.033327382574302004
0.646	-0.03341227630679781
0.647	-0.033497236154171176
0.648	-0.0335822620071352
0.649	-0.03366735375664266
0.65	-0.03375251129388512
0.651	-0.03383773451029429
0.652	-0.03392302329753874
0.653	-0.03400837754752529
0.654	-0.03409379715239732
0.655	-0.03417928200453472
0.656	-0.03426483199655207
0.657	-0.03435044702130035
0.658	-0.03443612697186365
0.659	-0.03452187174155928
0.66	-0.034607681223938654
0.661	-0.034693555312785264
0.662	-0.03477949390211343
0.663	-0.03486549688616905
0.664	-0.034951564159428086
0.665	-0.0350376956165976
0.666	-0.035123891152611456
0.667	-0.03521015066263388
0.668	-0.03529647404205647
0.669	-0.035382861186497666
0.67	-0.03546931199180245
0.671	-0.03555582635404247
0.672	-0.03564240416951433
0.673	-0.03572904533473963
0.674	-0.03581574974646376
0.675	-0.03590251730165584
0.676	-0.035989347897507115
0.677	-0.03607624143143304
0.678	-0.03616319780106895
0.679	-0.03625021690427157
0.68	-0.03633729863911859
0.681	-0.03642444290390801
0.682	-0.03651164959715605
0.683	-0.036598918617597606
0.684	-0.03668624986418658
0.685	-0.03677364323609439
0.686	-0.0368610986327076
0.687	-0.0369486159536317
0.6880000000000001	-0.037036195098685415
0.6890000000000001	-0.03712383596790458
0.6900000000000001	-0.03721153846153882
0.6910000000000001	-0.03729930248005039
0.6920000000000001	-0.0373871279241174
0.6930000000000001	-0.037475014694629355
0.6940000000000001	-0.03756296269268817
0.6950000000000001	-0.037650971819607526
0.6960000000000001	-0.03773904197691166
0.6970000000000001	-0.03782717306633629
0.6980000000000001	-0.03791536498982637
0.6990000000000001	-0.038003617649536706
0.7000000000000001	-0.03809193094783026
0.7010000000000001	-0.03818030478727898
0.7020000000000001	-0.03826873907066178
0.7030000000000001	-0.03835723370096577
0.7040000000000001	-0.038445788581383075
0.705	-0.03853440361531356
0.706	-0.0386230787063616
0.707	-0.03871181375833628
0.708	-0.038800608675251716
0.709	-0.03888946336132491
0.71	-0.03897837772097746
0.711	-0.0390673516588325
0.712	-0.039156385079715694
0.713	-0.039245477888654595
0.714	-0.03933462999087839
0.715	-0.039423841291814525
0.716	-0.03951311169709351
0.717	-0.039602441112542956
0.718	-0.039691829444190876
0.719	-0.039781276598263464
0.72	-0.03987078248118359
0.721	-0.039960346999573314
0.722	-0.04004997006025044
0.723	-0.04013965157022894
0.724	-0.040229391436719136
0.725	-0.04031918956712667
0.726	-0.040409045869051294
0.727	-0.04049896025028788
0.728	-0.0405889326188237
0.729	-0.04067896288284114
0.73	-0.040769050950713516
0.731	-0.04085919673100676
0.732	-0.04094940013247976
0.733	-0.04103966106408016
0.734	-0.04112997943494871
0.735	-0.041220355154415016
0.736	-0.041310788131998226
0.737	-0.04140127827740659
0.738	-0.041491825500538586
0.739	-0.04158242971147866
0.74	-0.0416730908205004
0.741	-0.04176380873806319
0.742	-0.04185458337481476
0.743	-0.04194541464158903
0.744	-0.04203630244940237
0.745	-0.0421272467094607
0.746	-0.04221824733315195
0.747	-0.0423093042320485
0.748	-0.0424004173179082
0.749	-0.04249158650266998
0.75	-0.04258281169845739
0.751	-0.04267409281757446
0.752	-0.04276542977250831
0.753	-0.04285682247592744
0.754	-0.042948270840679835
0.755	-0.04303977477979598
0.756	-0.043131334206485024
0.757	-0.04322294903413466
0.758	-0.04331461917631436
0.759	-0.04340634454676923
0.76	-0.04349812505942308
0.761	-0.04358996062837951
0.762	-0.04368185116791666
0.763	-0.04377379659248929
0.764	-0.04386579681673098
0.765	-0.04395785175544819
0.766	-0.044049961323624785
0.767	-0.04414212543641729
0.768	-0.04423434400915906
0.769	-0.04432661695735583
0.77	-0.04441894419668674
0.771	-0.04451132564300455
0.772	-0.04460376121233499
0.773	-0.04469625082087373
0.774	-0.0447887943849919
0.775	-0.04488139182122857
0.776	-0.04497404304629456
0.777	-0.04506674797707127
0.778	-0.0451595065306105
0.779	-0.04525231862413247
0.78	-0.045345184175027045
0.781	-0.045438103100852924
0.782	-0.045531075319336665
0.783	-0.045624100748371886
0.784	-0.045717179306021045
0.785	-0.04581031091051212
0.786	-0.04590349548023998
0.787	-0.04599673293376635
0.788	-0.04609002318981636
0.789	-0.046183366167282296
0.79	-0.04627676178522165
0.791	-0.04637020996285381
0.792	-0.04646371061956354
0.793	-0.046557263674899645
0.794	-0.046650869048572345
0.795	-0.04674452666045679
0.796	-0.046838236430587835
0.797	-0.04693199827916348
0.798	-0.04702581212654377
0.799	-0.04711967789324856
0.8	-0.04721359549995772
0.801	-0.047307564867513516
0.802	-0.04740158591691613
0.803	-0.04749565856932558
0.804	-0.047589782746061175
0.805	-0.047683958368599795
0.806	-0.04777818535857813
0.807	-0.04787246363778924
0.808	-0.04796679312818316
0.809	-0.04806117375186817
0.81	-0.0481556054311088
0.811	-0.048250088088324906
0.812	-0.04834462164609292
0.8130000000000001	-0.04843920602714377
0.8140000000000001	-0.04853384115436444
0.8150000000000001	-0.04862852695079569
0.8160000000000001	-0.04872326333963217
0.8170000000000001	-0.04881805024422377
0.8180000000000001	-0.04891288758807207
0.8190000000000001	-0.04900777529483297
0.8200000000000001	-0.0491027132883134
0.8210000000000001	-0.04919770149247455
0.8220000000000001	-0.049292739831427526
0.8230000000000001	-0.0493878282294365
0.8240000000000001	-0.049482966610916036
0.8250000000000001	-0.049578154900430445
0.8260000000000001	-0.04967339302269676
0.8270000000000001	-0.04976868090257921
0.8280000000000001	-0.04986401846509361
0.8290000000000001	-0.04995940563540349
0.8300000000000001	-0.05005484233882355
0.8310000000000001	-0.050150328500813794
0.8320000000000001	-0.05024586404698393
0.8330000000000001	-0.05034144890309215
0.834	-0.05043708299504237
0.835	-0.05053276624888644
0.836	-0.05062849859082305
0.837	-0.050724279947195694
0.838	-0.050820110244495516
0.839	-0.050915989409357994
0.84	-0.051011917368563926
0.841	-0.05110789404903886
0.842	-0.051203919377853624
0.843	-0.05129999328222148
0.844	-0.05139611568950117
0.845	-0.05149228652719296
0.846	-0.05158850572294143
0.847	-0.05168477320453375
0.848	-0.05178108889989851
0.849	-0.05187745273710686
0.85	-0.051973864644370885
0.851	-0.05207032455004503
0.852	-0.052166832382623075
0.853	-0.052263388070740754
0.854	-0.05235999154317309
0.855	-0.05245664272883551
0.856	-0.05255334155678144
0.857	-0.05265008795620553
0.858	-0.05274688185643943
0.859	-0.05284372318695512
0.86	-0.052940611877360856
0.861	-0.053037547857402896
0.862	-0.053134531056966
0.863	-0.05323156140607118
0.864	-0.0533286388348762
0.865	-0.05342576327367536
0.866	-0.05352293465289911
0.867	-0.05362015290311401
0.868	-0.053717417955020594
0.869	-0.053814729739455607
0.87	-0.053912088187390704
0.871	-0.054009493229931545
0.872	-0.054106944798317534
0.873	-0.054204442823921874
0.874	-0.054301987238251775
0.875	-0.054399577972947095
0.876	-0.05449721495978125
0.877	-0.054594898130657786
0.878	-0.054692627417615006
0.879	-0.05479040275282139
0.88	-0.054888224068578545
0.881	-0.054986091297316346
0.882	-0.05508400437159797
0.883	-0.0551819632241164
0.884	-0.055279967787695214
0.885	-0.055378017995285814
0.886	-0.05547611377997212
0.887	-0.05557425507496518
0.888	-0.05567244181360571
0.889	-0.055770673929363065
0.89	-0.0558689513558343
0.891	-0.05596727402674544
0.892	-0.05606564187594943
0.893	-0.05616405483742667
0.894	-0.056262512845284954
0.895	-0.05636101583375799
0.896	-0.05645956373720724
0.897	-0.056558156490118666
0.898	-0.05665679402710492
0.899	-0.05675547628290515
0.9	-0.056854203192382366
0.901	-0.05695297469052372
0.902	-0.0570517907124437
0.903	-0.057150651193378164
0.904	-0.05724955606868834
0.905	-0.05734850527386015
0.906	-0.057447498744500794
0.907	-0.057546536416342366
0.908	-0.05764561822523839
0.909	-0.05774474410716597
0.91	-0.05784391399822402
0.911	-0.0579431278346327
0.912	-0.05804238555273539
0.913	-0.05814168708899543
0.914	-0.05824103237999729
0.915	-0.05834042136244743
0.916	-0.058439853973170905
0.917	-0.05853933014911477
0.918	-0.05863884982734421
0.919	-0.058738412945046184
0.92	-0.058838019439524776
0.921	-0.058937669248204295
0.922	-0.05903736230862749
0.923	-0.059137098558455836
0.924	-0.059236877935468835
0.925	-0.05933670037756248
0.926	-0.05943656582275403
0.927	-0.05953647420917335
0.928	-0.05963642547507161
0.929	-0.059736419558813994
0.93	-0.0598364563988827
0.931	-0.05993653593387786
0.932	-0.060036658102512935
0.933	-0.060136822843618765
0.934	-0.060237030096140884
0.935	-0.06033727979914066
0.936	-0.0604375718917936
0.937	-0.06053790631338959
0.9380000000000001	-0.060638283003333106
0.9390000000000001	-0.06073870190114423
0.9400000000000001	-0.06083916294645327
0.9410000000000001	-0.06093966607900759
0.9420000000000001	-0.061040211238665536
0.9430000000000001	-0.061140798365398805
0.9440000000000001	-0.061241427399293336
0.9450000000000001	-0.06134209828054521
0.9460000000000001	-0.061442810949463224
0.9470000000000001	-0.06154356534646974
0.9480000000000001	-0.061644361412096324
0.9490000000000001	-0.06174519908698796
0.9500000000000001	-0.06184607831189925
0.9510000000000001	-0.061946999027696285
0.9520000000000001	-0.062047961175355465
0.9530000000000001	-0.062148964695964155
0.9540000000000001	-0.062250009530718665
0.9550000000000001	-0.06235109562092632
0.9560000000000001	-0.06245222290800292
0.9570000000000001	-0.06255339133347394
0.9580000000000001	-0.062654600838974
0.9590000000000001	-0.06275585136624628
0.9600000000000001	-0.06285714285714278
0.961	-0.06295847525362337
0.962	-0.06305984849775562
0.963	-0.06316126253171626
0.964	-0.06326271729778785
0.965	-0.06336421273836058
0.966	-0.06346574879593216
0.967	-0.06356732541310706
0.968	-0.06366894253259596
0.969	-0.06377060009721583
0.97	-0.06387229804988862
0.971	-0.06397403633364393
0.972	-0.06407581489161557
0.973	-0.06417763366704297
0.974	-0.06427949260327057
0.975	-0.06438139164374743
0.976	-0.06448333073202694
0.977	-0.06458530981176765
0.978	-0.06468732882673059
0.979	-0.06478938772078204
0.98	-0.06489148643789168
0.981	-0.0649936249221313
0.982	-0.06509580311767676
0.983	-0.06519802096880602
0.984	-0.06530027841990192
0.985	-0.06540257541544607
0.986	-0.0655049119000235
0.987	-0.0656072878183234
0.988	-0.0657097031151343
0.989	-0.0658121577353454
0.99	-0.06591465162394942
0.991	-0.0660171847260384
0.992	-0.06611975698680565
0.993	-0.06622236835154532
0.994	-0.06632501876565
0.995	-0.06642770817461492
0.996	-0.06653043652403312
0.997	-0.06663320375959798
0.998	-0.06673600982710182
0.999	-0.06683885467243615
1.0	-0.06694173824159226
